0001100010110110101100100101101011001001100001011000000000000000111001000010001101000110101101100001100010111000000100110111010
0010100100000101000001111000111001000001101001110000000000000000100001111011011101000000100100011010111010100111010110101010101
1001110111010011101011100110110011100100111001010000000000000000011101000100101010001010100010101000010100110111001000100111010
0001100001111110100011110000111001110001101110001000000000000000100010011011111010010000011011001001001001101101011001110011011
1110111111110111000000111000100010000001110101001000000000000000000101101011001110100100111010010101011000010111010111111111111
0001001001111001011101101111100001111100101101001000000000000000101111110100101000100000011101110111011001111000111011100100011
0110111101001100011110101000110101110111111000010000000000000000111101010010010001101000001010101100101110110110101111111100100
1010101100111000111111010101110011101010100011110000000000000000110010001001011111010010110100011101111001011111111001001001010
1001010100000101111111110010001111101100000111001000000000000000100100100001011000011001111111000110111101100100101101010111100
0101100110111010010001101001011110000011001101101000000000000000000110100111010001111101101001111111111010100000101010011010110
1101011011011000001001110100100001010010111001100000000000000000101011001001111011110101111111010010001011000111100100000000111
1111000001011011101010011001101010001100111101111000000000000000110101100011100001101001101000010111110000110001100110001001011
0001010110111011100010111010001101001111110011011000000000000000111111011000110010110010011010100001001010111101000010011010100
0101000000000111110101000111001010110011001010011000000000000000000010001110100011101000101111000111101010101101000010011001100
1101010001110010000010011110000000100010000000111000000000000000000011000011000010001001111000000000001010001011010110101101110
0100101011001011010111100101100010100111101101011000000000000000001111000100111000010111111101111111110011101001111010100100100
0000010000011010001010000100001001001011111110010000000000000000111001111100010001110011110000100011101101110101101101100011111
0110101001101001010000110100101100000010000100000000000000000000100001010101100111111101010010010011100010101011010001111110101
0011111111110111000100111111010100111101010001100000000000000000001011110011110000111001100100000010110010100100101110000011000
1000010011011111001110001110101011111100111101111000000000000000010010011000111101001000111010001111100010010100110110100100011
1000100010011110000101111111011101111001011001111000110001101000111001000010001101000110101101100001100010111000000100110111010
1001110011100010010011011010111110101000001111110000010001000000100001111011011101000000100100011010111010100111010110101010101
1100100000011111101000111011100110001100001111101101000001000000011101000100101010001010100010101000010100110111001000100111010
1001100101011001100101001100001111010000011000100000000100000000100010011011111010010000011011001001001001101101011001110011011
0101101000010000010010011010100101101000010011001000010001000000000101101011001110100100111010010101011000010111010111111111111
0100000110100101101111101110111010000110011001101100010100010000101111110100101000100000011101110111011001111000111011100100011
1000110100011101000001000000110001011110101001010000101001000000111101010010010001101000001010101100101110110110101111111100100
1010101100111000111111010101110011101010100011110000000000000000110010001001011111010010110100011101111001011111111001001001010
0010011111110101101011101001111011010000100011101010100010001000100100100001011000011001111111000110111101100100101101010111100
0011110010111111001000100111000011001110101000010000000100001000000110100111010001111101101001111111111010100000101010011010110
0100111010010111011101101001001000011110000110010000100100001000101011001001111011110101111111010010001011000111100100000000111
0110010101010001011010011111000011110100000110001000010100101000110101100011100001101001101000010111110000110001100110001001011
1100010110001000011011000001011000110100110000110000100100010000111111011000110010110010011010100001001010111101000010011010100
0010001011000101111010101010000001110100001011100000101000010001000010001110100011101000101111000111101010101101000010011001100
0010000111001101001111100111101010111111100101111110100100010011000011000011000010001001111000000000001010001011010110101101110
0011111011101000100101111111000111000101010110101110010000101010001111000100111000010111111101111111110011101001111010100100100
0000100101011111101110011111001001111111111010010000110000100000111001111100010001110011110000100011101101110101101101100011111
1001000111101001010110100001011111110110111100000000100000111100100001010101100111111101010010010011100010101011010001111110101
0000111000010101001001111101111010111101000010011000110000000000001011110011110000111001100100000010110010100100101110000011000
0110111011101001101100100001110000101001101011101000111100100000010010011000111101001000111010001111100010010100110110100100011
