000000000000000111001000010001101000110101101100001100010111000000100110111010
000000000000000100001111011011101000000100100011010111010100111010110101010101
000000000000000011101000100101010001010100010101000010100110111001000100111010
000000000000000100010011011111010010000011011001001001001101101011001110011011
000000000000000000101101011001110100100111010010101011000010111010111111111111
000000000000000101111110100101000100000011101110111011001111000111011100100011
000000000000000111101010010010001101000001010101100101110110110101111111100100
000000000000000110010001001011111010010110100011101111001011111111001001001010
000000000000000100100100001011000011001111111000110111101100100101101010111100
000000000000000000110100111010001111101101001111111111010100000101010011010110
000000000000000101011001001111011110101111111010010001011000111100100000000111
000000000000000110101100011100001101001101000010111110000110001100110001001011
000000000000000111111011000110010110010011010100001001010111101000010011010100
000000000000000000010001110100011101000101111000111101010101101000010011001100
000000000000000000011000011000010001001111000000000001010001011010110101101110
000000000000000001111000100111000010111111101111111110011101001111010100100100
000000000000000111001111100010001110011110000100011101101110101101101100011111
000000000000000100001010101100111111101010010010011100010101011010001111110101
000000000000000001011110011110000111001100100000010110010100100101110000011000
000000000000000010010011000111101001000111010001111100010010100110110100100011
000110001101000111001000010001101000110101101100001100010111000000100110111010
000010001000000100001111011011101000000100100011010111010100111010110101010101
101000001000000011101000100101010001010100010101000010100110111001000100111010
000000100000000100010011011111010010000011011001001001001101101011001110011011
000010001000000000101101011001110100100111010010101011000010111010111111111111
100010100010000101111110100101000100000011101110111011001111000111011100100011
000101001000000111101010010010001101000001010101100101110110110101111111100100
000000000000000110010001001011111010010110100011101111001011111111001001001010
010100010001000100100100001011000011001111111000110111101100100101101010111100
000000100001000000110100111010001111101101001111111111010100000101010011010110
000100100001000101011001001111011110101111111010010001011000111100100000000111
000010100101000110101100011100001101001101000010111110000110001100110001001011
000100100010000111111011000110010110010011010100001001010111101000010011010100
000101000010001000010001110100011101000101111000111101010101101000010011001100
110100100010011000011000011000010001001111000000000001010001011010110101101110
110010000101010001111000100111000010111111101111111110011101001111010100100100
000110000100000111001111100010001110011110000100011101101110101101101100011111
000100000111100100001010101100111111101010010010011100010101011010001111110101
000110000000000001011110011110000111001100100000010110010100100101110000011000
000111100100000010010011000111101001000111010001111100010010100110110100100011
