0001200210110110101100100101101011001001100001011000002000000000011001000010001101000110101101100001100010111001000100110111010
0020120100000101000001111000111001000101101001110000000020000000100001111011011101000000100100011010111010000111010110101010101
1001110111010021101011120110110011100100111011010000000010000000011101000100101010001010100010101100010100110111001000100111010
0001100002111112211011110000111001110001101110001000000000000000100010011011111010010000011011001001001001101101011001110011011
1110111111110111000000111000100010000001110101001000111110000000000101101011001110100100111010010101011000010111010111111111111
0001001001111001011101101111100001111100101101001000000000000001001001110120101000100000011101110111011001111000111011100100011
0110111101001100011110101000110101110111111000010000000000000000111101010022122001101000001010101100101110110110101111111100100
1010101100111000111111010101110011101010100011110000102011200000110010001001011111010010110100011101111001011111111001001001010
1001010100000101100000110010001111101100000111001000000000000000100100100001011000011001111111000110111101100100101101010111100
0101100110111010010002001001021110001011002101101000000000000000000110100111010001111101101001111111111010100000101010011010110
1101011011011000001001110100100001010010112222200000000000000000101011001001111011110101111111010010001011000111100100000000111
1111000001011011101010011001101010001100111122111220000000000222220101100022200002101001201000020111110000110001100110001001011
0001010110111011100010111010001101001111110011011000000111100001212001001010110010110010011010100001001010111101000010011010100
0101000000000111110101000111001010110011001010011000000000100000000010001010100001101000101111000211101011101101000010011001100
1101010001110010000010011110000000100010000000111000000000000000200011000001000210001001111000002000001011001011010110101101110
0100101011001011010111100101100010100111101100000000000000000000000000000100111000010111111101111111110011101001111010100100100
0000010000011010001010000100001001001011111110010000000000000000011011111101010011110011111000100011001111110101101101100011111
0110101000101011010000110100001100000010000100000000010000000000100001010101100111111101010010010011100000101011010001101110100
0010111011110111010100111011010100111101010001100010000000000000001011010011110010111001100100000010110010100100101110000011000
1000010011011111001110001110101011111100111101211000000000210000010010011000101111001000111010001111100010010100110110100100011
